
0.5074999928474426
0.4925000071525574
0.4925000071525574
0.4925000071525574
0.5074999928474426
0.4925000071525574
0.5074999928474426
0.5074999928474426
0.4925000071525574
0.5074999928474426
0.5074999928474426
0.4925000071525574
0.4925000071525574
0.5074999928474426
0.4925000071525574
0.4925000071525574
0.5074999928474426
0.4925000071525574
0.5074999928474426
0.4925000071525574
0.4925000071525574
0.5074999928474426
0.5074999928474426
0.5074999928474426
0.4925000071525574
0.7237499952316284
0.7412499785423279
0.6970833539962769
0.6666666865348816
0.6870833039283752
0.5074999928474426
0.5074999928474426
0.5074999928474426
0.7208333611488342
0.4925000071525574
0.5074999928474426
0.4925000071525574
0.4925000071525574
0.5074999928474426
0.4925000071525574
0.4925000071525574
0.4925000071525574
0.4925000071525574
0.4925000071525574
0.4925000071525574
0.4925000071525574
0.4925000071525574
0.5074999928474426
0.4925000071525574
0.5074999928474426
0.7283333539962769
0.7383333444595337
0.7562500238418579
0.652916669845581
0.7554166913032532
0.4925000071525574
0.5074999928474426
0.5074999928474426
0.6970833539962769
0.5074999928474426
0.5074999928474426
0.4925000071525574
0.4925000071525574
0.5074999928474426
0.7412499785423279
0.4925000071525574
0.4925000071525574
0.4925000071525574
0.6858333349227905
0.7554166913032532
0.4925000071525574
0.4925000071525574
0.5074999928474426
0.7179166674613953
0.7295833230018616
0.6970833539962769
0.7291666865348816
0.7258333563804626
0.64041668176651
0.7245833277702332
0.4925000071525574
0.5074999928474426
0.5074999928474426
0.6499999761581421
0.5074999928474426
0.4925000071525574
0.5074999928474426
0.4925000071525574
0.5074999928474426
0.73458331823349
0.4925000071525574
0.5074999928474426
0.5074999928474426
0.4925000071525574
0.4925000071525574
0.5074999928474426
0.4925000071525574
0.4925000071525574
0.7225000262260437
0.4925000071525574
0.7241666913032532
0.7570833563804626
0.7579166889190674
0.6270833611488342
0.76541668176651
0.4925000071525574
0.5074999928474426
0.4925000071525574
0.67208331823349
0.7462499737739563
0.4925000071525574
0.4925000071525574
0.4925000071525574
0.6920833587646484
0.4925000071525574
0.5074999928474426
0.4925000071525574
0.4925000071525574
0.5074999928474426
0.7541666626930237
0.4925000071525574
0.4925000071525574
0.5074999928474426
0.6987500190734863
0.5074999928474426